JOB_NAME=5736455a_y7
ODB_VERSION_MAJOR=6
ODB_VERSION_MINOR=1
CREATION_DATE=20230503.145827
SAVE_DATE=20230503.150032
SAVE_APP=Genesis 09.07b2
SAVE_USER=0
